11100011111100000011011111101000
11101000000000000000000000110110
11100010101001101011010000001000
11100100000001101010110000000000
11100100000001101011100000000100
11100010100001101010110000001000
11100010101001101011010001010000
11100100000001011000001111110100
11100000101000000000000000000000
11100010100000000000000000000000
11100100000001011000001111110000
11100100000101011000001111110000
11100000101000001000010000100000
11100010100000001000010000000001
11100000100000000000100000100000
11100100000001011000101111101100
11100100000101011000001111110000
11100000101000001000010000100000
11100010100000001000010000000001
11100000100000000000100000100000
11100100000001011000101111101000
11100100000101011000001111101100
11100100000101011000011111101000
11100000110000000000100000100000
11100100000001011000101111100100
11100100000101011000001111100100
11100100000101011000011111110100
11100000101000000000100000100000
00111000000000000000000000000000
11101000000000000000000000100000
11100000101000010000100001000000
11101000000000000000000000100010
11100000101000010000100001000000
11100010100000010000100000000001
11100100000001011000101111100000
11100100000101011000001111100000
11100000101000001000010000100000
11100000101000000000100000100000
00011000000000000000000000000000
11101000000000000000000000110000
11100100000101011000001111110000
11100000101000001000010000100000
11100010100000001000010000000001
11100000100000000000100000100000
11100100000001011000101111011100
11100100000101011000001111011100
11100100000001011000001111110000
11101000000000000000000000001011
11100100000101011000001111110000
11100100000101011011101111111100
11100100000101011001001111111000
11100000001001011011010000000000
11100000001000100010110000000000
11100000001001110011110000000000
11100010101001101011010000001000
11100100000001101010110000000000
11100100000001101011100000000100
11100010100001101010110000001000
11100010101001101011010001010000
11100000101000000000000000000000
11100010100000000000000000100000
11100100000001011000001111110100
11101100001000000000000000000000
11101101000000000000100000000000
11100100000001011000101111110000
11100100000101011000001111110000
11100100000001011000001111101100
11100100000101011000001111101100
11100011111100000001000001000111
11100000001000100011100000000000
11101000000000000000000000000010
11100100000001011000001111101000
11100100000101011000001111101000
11101100000100000000000000000000
11101000000000000000000001001010
